                         0,        0.0120030165795468,       0.0870099467590167
                        20,       0.00210635520881872,        0.111416239364269
                        40,      0.000226872810966998,        0.134773929983525
                        60,      1.53161979308154e-05,        0.137384118347785
                        80,       9.8140367539147e-07,         0.14583450169018
                       100,      5.31062081058162e-08,        0.139722719973133
                       120,      3.24735050760148e-09,        0.103145649412702
                       140,      4.12683818103245e-10,       0.0812956727980826
                       160,      8.11880663471033e-11,       0.0741897294555015
                       180,      1.84114670748279e-11,       0.0693942488582236
                       200,      4.59555119465074e-12,       0.0593962901798301
                       220,      1.40096726317681e-12,       0.0487846954292582
                       240,      5.28067581470175e-13,       0.0401569777070325
                       260,      2.36532286499747e-13,       0.0343815517288586
                       280,      1.18920319167024e-13,       0.0307034375942015
                       300,      6.43530886218845e-14,       0.0281291147830594
                       320,      3.66642671808679e-14,       0.0259881443353155
                       340,      2.18028293431138e-14,       0.0239112543917869
                       360,      1.35151957011947e-14,       0.0217262744327927
                       380,       8.7520606129182e-15,        0.019399558496546
                       400,      5.93755837761846e-15,       0.0170024532218875
                       420,      4.22597049290644e-15,       0.0146696851091935
                       440,      3.15142658584236e-15,       0.0125434197268671
                       460,      2.45220308819783e-15,       0.0107236639117822
                       480,      1.97884543686915e-15,      0.00924712459356911
                       500,      1.64472150179919e-15,      0.00809596424112797
                       520,      1.39885183914115e-15,      0.00722090026555833
                       540,      1.21074246629072e-15,      0.00656297473978995
                       560,      1.06180924191496e-15,      0.00606717656474203
                       580,      9.40475908538691e-16,      0.00568827047431562
                       600,      8.39343990753456e-16,      0.00539172900649874
                       620,      7.53542969669149e-16,      0.00515239519794086
                       640,      6.79758874694802e-16,      0.00495247935648671
                       660,      6.15656114592558e-16,      0.00477964720130615
                       680,      5.59529139709706e-16,      0.00462546237544252
                       700,      5.10089581648246e-16,      0.00448421346569603
                       720,      4.66333988659462e-16,      0.00435206861521209
                       740,      4.27460000948329e-16,      0.00422648175793512
                       760,      3.92811983460903e-16,      0.00410578186162915
                       780,      3.61844820249403e-16,      0.00398889118737848
                       800,      3.34099089065771e-16,      0.00387513284934649
                       820,      3.09183504350142e-16,      0.00376409953299834
                       840,      2.86762106602835e-16,      0.00365556386453179
                       860,      2.66544630303323e-16,      0.00354941708569072
                       880,      2.48279060170247e-16,      0.00344562697328605
                       900,      2.31745738681429e-16,      0.00334420887741906
                       920,      2.16752606109559e-16,      0.00324520574332361
                       940,      2.03131291124739e-16,      0.00314867432470436
                       960,      1.90733857059828e-16,      0.00305467569920097
                       980,       1.7943006532917e-16,      0.00296326880227085
                      1000,      1.69105054790317e-16,      0.00287450610178865
                      1020,      1.59657361084446e-16,      0.00278843080786757
                      1040,      1.50997217512976e-16,      0.00270507519517764
                      1060,      1.43045091492134e-16,       0.0026244597381389
                      1080,      1.35730419759594e-16,      0.00254659284274794
                      1100,      1.28990512359671e-16,      0.00247147101581717
                      1120,      1.22769600697164e-16,      0.00239907935192818
                      1140,      1.17018009078733e-16,      0.00232939224635977
                      1160,      1.11691432458301e-16,      0.00226237426251998
                      1180,      1.06750305776871e-16,      0.00219798109754166
                      1200,      1.02159252482675e-16,      0.00213616060140822
                      1220,      9.78866016385481e-17,      0.00207685381422245
                      1240,      9.39039645461326e-17,      0.00201999599382887
                      1260,      9.01858630982792e-17,      0.00196551761226864
                      1280,      8.67094031554899e-17,      0.00191334530485072
                      1300,      8.34539871639001e-17,      0.00186340276005161
                      1320,      8.04010610181917e-17,      0.00181561154225207
                      1340,      7.75338908449761e-17,      0.00176989184241201
                      1360,       7.4837365958432e-17,      0.00172616315440948
                      1380,      7.22978247350563e-17,      0.00168434487683768
                      1400,      6.99029005804991e-17,      0.00164435684174542
                      1420,       6.7641385528818e-17,      0.00160611977307212
                      1440,      6.55031093316651e-17,      0.00156955567846993
                      1460,      6.34788321691406e-17,      0.00153458817890382
                      1480,      6.15601493514388e-17,      0.00150114278079485
                      1500,      5.97394065861484e-17,      0.00146914709574197
                      1520,      5.80096245646001e-17,      0.00143853101288762
                      1540,      5.63644317757156e-17,      0.00140922682895273
                      1560,      5.47980045906661e-17,      0.00138116934078276
                      1580,      5.33050137790156e-17,      0.00135429590503691
                      1600,      5.18805767193031e-17,      0.00132854646934533
                      1620,      5.05202146562149e-17,      0.00130386357896768
                      1640,      4.92198144343725e-17,       0.0012801923626327
                      1660,      4.79755942068151e-17,      0.00125748050091232
                      1680,      4.67840726757751e-17,       0.0012356781801536
                      1700,      4.56420414754559e-17,      0.00121473803464518
                      1720,      4.45465403521866e-17,       0.0011946150794266
                      1740,      4.34948348373749e-17,      0.00117526663580456
                      1760,      4.24843961438404e-17,      0.00115665225143218
                      1780,      4.15128830469977e-17,      0.00113873361650327
                      1800,      4.05781255395264e-17,      0.00112147447743496
                      1820,      3.96781100720744e-17,      0.00110484054917812
                      1840,      3.88109662136005e-17,      0.00108879942713109
                      1860,      3.79749545835352e-17,      0.00107332049946329
                      1880,      3.71684559243234e-17,      0.00105837486051499
                      1900,      3.63899611973838e-17,      0.00104393522581674
                      1920,      3.56380625983112e-17,      0.00102997584915769
                      1940,      3.49114453984643e-17,       0.0010164724420445
                      1960,      3.42088805300964e-17,      0.00100340209580452
                      1980,      3.35292178410661e-17,     0.000990743206523348
                      2000,      3.28713799530331e-17,     0.000978475402949286
                      2020,      3.22343566640329e-17,     0.000966579477429264
                      2040,       3.1617199842526e-17,     0.000955037319939223
                      2060,      3.10190187655343e-17,     0.000943831855182253
                      2080,      3.04389758583818e-17,     0.000932946982753791
                      2100,      2.98762827979279e-17,      0.00092236752031738
                      2120,      2.93301969450678e-17,     0.000912079149715339
                      2140,      2.88000180757511e-17,     0.000902068365957121
                      2160,      2.82850853828618e-17,     0.000892322428965642
                      2180,       2.7784774724068e-17,     0.000882829318011602
                      2200,      2.72984960932255e-17,     0.000873577688705041
                      2220,      2.68256912951233e-17,     0.000864556832456032
                      2240,      2.63658318053434e-17,     0.000855756638282656
                      2260,      2.59184167987742e-17,     0.000847167556859318
                      2280,      2.54829713319093e-17,     0.000838780566698816
                      2300,      2.50590446654857e-17,     0.000830587142351646
                      2320,      2.46462087152948e-17,     0.000822579224525555
                      2340,      2.42440566201497e-17,     0.000814749192016606
                      2360,      2.38522014170249e-17,     0.000807089835351249
                      2380,      2.34702748143125e-17,     0.000799594332048414
                      2400,      2.30979260549771e-17,     0.000792256223401466
                      2420,      2.27348208621457e-17,     0.000785069392696158
                      2440,      2.23806404603461e-17,      0.00077802804478253
                      2460,      2.20350806662239e-17,     0.000771126686909795
                      2480,      2.16978510431186e-17,     0.000764360110758488
                      2500,      2.13686741143808e-17,     0.000757723375592079
                      2520,      2.10472846307663e-17,     0.000751211792458051
                      2540,      2.07334288876476e-17,     0.000744820909377708
                      2560,      2.04268640881595e-17,     0.000738546497457193
                      2580,      2.01273577487259e-17,     0.000732384537869635
                      2600,      1.98346871437231e-17,      0.00072633120964376
                      2620,      1.95486387863073e-17,     0.000720382878218118
                      2640,      1.92690079426892e-17,     0.000714536084706552
                      2660,      1.89955981773609e-17,     0.000708787535828748
                      2680,      1.87282209269931e-17,     0.000703134094467828
                      2700,      1.84666951009023e-17,     0.000697572770812371
                      2720,      1.82108467061666e-17,     0.000692100714042709
                      2740,      1.79605084956185e-17,     0.000686715204535204
                      2760,      1.77155196370882e-17,     0.000681413646539752
                      2780,      1.74757254024021e-17,     0.000676193561312033
                      2800,       1.7240976874756e-17,     0.000671052580658582
                      2820,      1.70111306731953e-17,     0.000665988440882259
                      2840,      1.67860486930287e-17,     0.000660998977090799
                      2860,       1.6565597861097e-17,     0.000656082117850687
                      2880,      1.63496499048974e-17,     0.000651235880164691
                      2900,      1.61380811346428e-17,     0.000646458364749236
                      2920,      1.59307722374031e-17,      0.00064174775159529
                      2940,      1.57276080825395e-17,     0.000637102295793213
                      2960,      1.55284775377024e-17,     0.000632520323608787
                      2980,      1.53332732947155e-17,     0.000628000228781644