-1830.64404296875,-3231.8406982421875
-7302.32177734375,-12913.524780273438
-16361.69287109375,-29109.262573242188
-28944.3876953125,-51886.18701171875
-44971.982421875,-81311.05920410156
-64350.2353515625,-117445.15649414062
-86969.74609375,-160338.00244140625
-112709.736328125,-210021.4442138672
-141444.52685546875,-266505.93017578125
-173051.11279296875,-329780.24182128906
-207415.78076171875,-399814.6247558594
-244438.24658203125,-476566.0343017578
-284033.00927734375,-559983.8051757812
-326128.50146484375,-650014.4384765625
-370665.01904296875,-746604.9418945312
-417592.27880859375,-849704.7431640625
-466867.1591796875,-959266.5112304688
-518451.8583984375,-1075246.264038086
-572312.5180664062,-1197603.0856933594
-628418.2724609375,-1326298.677368164
-686740.6162109375,-1461296.8718261719
-747253.0375976562,-1602563.1833496094
-809930.8012695312,-1750064.4309082031
-874750.8666992188,-1903768.4366455078
-941691.875,-2063643.8024902344
-1010734.1875,-2229659.7575683594
-1081859.953125,-2401786.0625
-1155053.1962890625,-2579992.9692382812
-1230299.9072265625,-2764251.2248535156
-1307588.1484375,-2954532.1130371094
-1386908.1479492188,-3150807.532470703
-1468252.4091796875,-3353050.111328125
-1551615.810546875,-3561233.352783203
-1636995.7094726562,-3775331.822631836
-1724392.041015625,-3995321.375732422
-1813807.4067382812,-4221179.4375
-1905247.1640625,-4452885.345214844
-1998719.4760742188,-4690420.768432617
-2094235.3344726562,-4933770.222167969
-2191808.4926757812,-5182921.693115234
-2291455.291015625,-5437867.395751953
-2393194.2729492188,-5698604.661499023
-2497045.5151367188,-5965136.944458008
-2603029.533203125,-6237474.87512207
-2711165.6147460938,-6515637.213500977
-2821469.4663085938,-6799651.426879883
-2933950.1708984375,-7089553.480102539
-3048606.7236328125,-7385386.311279297
-3165424.7690429688,-7687196.544311523
-3284374.6079101562,-7995029.363647461
-3405411.6538085938,-8308922.240478516
-3528480.0053710938,-8628899.011352539
-3653518.7177734375,-8954966.176635742
-3780469.1274414062,-9287112.64086914
-3909281.197265625,-9625312.833251953
-4039917.3881835938,-9969531.8984375
-4172353.7338867188,-10319731.274536133
-4306578.74609375,-10675873.36315918
-4442591.120605469,-11037924.732543945
-4580397.0791015625,-11405857.888671875
-4720007.933105469,-11779651.947998047
-4861438.046386719,-12159292.590576172
-5004703.300292969,-12544771.619262695
-5149819.966796875,-12936086.344482422
-5296803.9443359375,-13333238.923828125
-5445670.224609375,-13736235.735351562
-5596432.56640625,-14145086.811401367
-5749103.276855469,-14559805.346069336
-5903693.095214844,-14980407.27331543
-6060211.13671875,-15406910.908447266
-6218664.87109375,-15839336.649047852
-6379060.134765625,-16277706.719848633
-6541401.166503906,-16722044.964233398
-6705690.6572265625,-17172376.669799805
-6871929.819824219,-17628728.431762695
-7040118.4619140625,-18091128.045532227
-7210255.077636719,-18559604.438964844
-7382336.952636719,-19034187.639526367
-7556360.274902344,-19514908.78857422
-7732320.249511719,-20001800.20751953
-7910211.213378906,-20494895.528198242
-8090026.742675781,-20994229.90686035
-8271759.721191406,-21499840.33178711
-8455402.34765625,-22011766.052124023
-8640946.030273438,-22530049.137451172
-8828381.094726562,-23054735.1763916
-9017696.19921875,-23585874.096923828
-9208877.350585938,-24123521.040527344
-9401906.327636719,-24667737.13244629
-9596758.459960938,-25218589.8873291
-9793399.704101562,-25776152.81616211
-9991783.314453125,-26340503.727661133
-10191846.750976562,-26911721.26123047
-10393509.870117188,-27489879.599365234
-10596675.58984375,-28075042.052612305
-10801233.69140625,-28667255.042114258
-11007067.287109375,-29266544.325073242
-11214060.34375,-29872914.694335938
-11422104.1875,-30486353.04248047
-11631101.515625,-31106833.492919922
-11840967.652832031,-31734322.893188477
-12051629.624511719,-32368785.401367188
-12263024.05859375,-33010185.615234375
-12475094.756835938,-33658490.2800293
-12687790.462402344,-34313668.91796875
-12901063.067871094,-34975693.75488281
-13114866.291015625,-35644539.26818848
-13329154.792480469,-36320181.575805664
-13543883.62890625,-37002597.79431152
-13759007.955566406,-37691765.44189453
-13974482.913574219,-38387661.91699219
-14190263.646972656,-39090264.060668945
-14406305.404296875,-39799547.806274414
-14622563.694824219,-40515487.900146484
-14838994.489257812,-41238057.69799805
-15055554.438964844,-41967229.017822266
-15272201.116210938,-42702972.04736328
-15488893.266601562,-43445255.30493164
-15705591.067871094,-44194045.642089844
-15922256.39453125,-44949308.29748535
-16138853.084472656,-45711006.9909668
-16355347.212890625,-46479104.072753906
-16571707.363769531,-47253560.72570801
-16787904.895507812,-48034337.23120117
-17003914.198242188,-48821393.310546875
-17219712.916992188,-49614688.557006836
-17435282.14794922,-50414182.97265625
-17650606.540527344,-51219837.63195801
-17865674.276367188,-52031615.486694336
-18080476.854492188,-52849482.3137207
-18295008.56298828,-53673407.791137695
-18509265.524902344,-54503366.62817383
-18723244.15576172,-55339339.59753418
-18936938.934570312,-56181314.19250488
-19150339.484375,-57029284.490478516
-19363427.216308594,-57883249.69213867
-19576172.21435547,-58743210.89807129
-19788531.41796875,-59609166.060424805
-20000449.258789062,-60481103.82775879
-20211861.432128906,-61358997.806518555
-20422701.3046875,-62242803.09326172
-20632907.323242188,-63132456.2800293
-20842429.356445312,-64027878.810058594
-21051232.540527344,-64928982.36279297
-21259298.317382812,-65835674.575805664
-21466623.33203125,-66747863.833496094
-21673217.134277344,-67665462.58325195
-21879099.545410156,-68588389.22851562
-22084298.240234375,-69516568.93383789
-22288846.71875,-70449933.72216797
-22492782.78173828,-71388422.18481445
-22696147.403320312,-72331979.02050781
-22898983.931152344,-73280554.53125
-23101337.547851562,-74234104.15014648
-23303254.888183594,-75192588.02722168
-23504783.7890625,-76155970.6875
-23705973.10888672,-77124220.75378418
-23906872.616210938,-78097310.73388672
-24107532.888183594,-79075216.85510254
-24308005.259765625,-80057918.94897461
-24508341.771484375,-81045400.36816406
-24708595.127441406,-82037647.93884277
-24908818.674316406,-83034651.94384766
-25109066.37158203,-84036406.13269043
-25309392.78564453,-85042907.76391602
-25509853.08154297,-86054157.67822266
-25710503.01220703,-87070160.41540527
-25911398.92578125,-88090924.37585449
-26112597.75048828,-89116462.04406738
-26314156.974121094,-90146790.28771973
-26516134.580078125,-91181930.74926758
-26718588.920898438,-92221910.34838867
-26921578.458496094,-93266761.9161377
-27125161.33544922,-94316524.95776367
-27329394.625976562,-95371246.53210449
-27534333.18798828,-96430982.17236328
-27740027.923828125,-97495796.69604492
-27946523.37060547,-98565764.62805176
-28153854.61376953,-99640969.80664062
-28362043.783203125,-100721503.66174316
-28571096.826171875,-101807461.70532227
-28781001.58984375,-102898938.20800781
-28991728.411132812,-103996019.77026367
-29203233.829589844,-105098779.33935547
-29415466.96826172,-106207272.51513672
-29628376.872558594,-107321537.33410645
-29841918.778808594,-108441597.39294434
-30056057.88671875,-109567466.97094727
-30270770.349121094,-110699156.46887207
-30486042.13623047,-111836676.89868164
-30701866.737304688,-112980042.90161133
-30918242.572753906,-114129274.3458252
-31135170.590820312,-115284396.84362793
-31352652.326660156,-116445441.57019043
-31570688.442871094,-117612444.7010498
-31789277.680664062,-118785446.68603516
-32008416.17626953,-119964491.48608398
-32228097.016601562,-121149625.8461914
-32448309.983398438,-122340898.63574219
-32669041.434570312,-123538360.26269531
-32890274.275878906,-124742062.16369629
-33111987.991210938,-125952056.36291504
-33334158.723632812,-127168395.08666992
-33556759.385253906,-128391130.43554688
-33779759.8046875,-129620314.10021973
-34003126.87939453,-130855997.11767578
-34226824.75683594,-132098229.67224121
-34450815.03515625,-133347060.92956543
-34675056.96923828,-134602538.9165039
-34899507.6953125,-135864710.44152832
-35124122.4765625,-137133621.07019043
-35348854.947753906,-138409315.15771484
-35573657.356933594,-139691835.95739746
-35798480.813964844,-140981225.8137207
-36023275.48828125,-142277526.46472168
-36247990.75292969,-143580779.46984863
-36472575.21386719,-144891026.77697754
-36696976.54394531,-146208311.4399414
-36921141.024902344,-147532678.4609375
-37145012.67529297,-148864175.6904297
-37368531.80078125,-150202854.62695312
-37591632.850097656,-151548770.836792
-37814241.62841797,-152901983.57226562
-38036272.076171875,-154262554.05810547
-38257623.33984375,-155630542.0131836
-38478178.182128906,-157006000.36669922
-38697803.893066406,-158388968.91296387
-38916356.3515625,-159779468.4465332
-39133686.692871094,-161177497.23535156
-39349648.928222656,-162583030.991333
-39564106.455566406,-163996026.18286133
-39776936.03857422,-165416425.33935547
-39988029.015625,-166844162.65759277
-40197290.369628906,-168279168.66394043
-40404636.66699219,-169721373.4124756
-40609993.671875,-171170708.28186035
-40813294.17480469,-172627106.7080078
-41014476.25097656,-174090504.2385254
-41213481.982421875,-175560838.2216797
-41410256.60498047,-177038047.34033203
-41604747.9609375,-178522071.12561035
-41796906.21777344,-180012849.51489258
-41986683.732421875,-181510322.4835205
-42174035.041503906,-183014429.7611084
-42358916.92480469,-184525110.62817383
-42541288.51123047,-186042303.78479004
-42721111.41455078,-187565947.2845459
-42898349.89404297,-189095978.52270508
-43072971.001464844,-190632334.27416992
-43244944.75439453,-192174950.7734375
-43414244.29296875,-193723763.83483887
-43580846.04296875,-195278709.00891113
-43744729.873535156,-196839721.7808838
-43905879.255859375,-198406737.8059082
-44064281.40576172,-199979693.194458
-44219927.432128906,-201558524.85131836
-44372812.45214844,-203143170.88110352
-44522935.693847656,-204733571.07312012
-44670300.54199219,-206329667.48693848
-44814914.50488281,-207931405.1517334
-44956789.04785156,-209538732.897583
-45095939.2265625,-211151604.32226562
-45232383.0078125,-212769978.87158203
-45366140.15673828,-214393822.9621582
-45497230.52832031,-216023110.9855957
-45625671.68017578,-217657825.9144287
-45751475.786621094,-219297959.07958984
-45874646.16503906,-220943508.5986328
-45995174.06933594,-222594476.01000977
-46113036.84082031,-224250861.09838867
-46228198.578125,-225912655.65063477
-46340613.94189453,-227579837.71398926
-46450234.55078125,-229252368.1883545
-46557016.29589844,-230930190.91809082
-46660925.50878906,-232613236.08496094
-46761942.592285156,-234301425.5546875
-46860062.872558594,-235994678.48242188
-46955295.354003906,-237692915.9395752
-47047660.33105469,-239396064.06018066
-47137186.704589844,-241104055.77209473
-47223909.52636719,-242816831.45141602
-47307867.96875,-244534338.8914795
-47389103.771484375,-246256532.88891602
-47467660.118652344,-247983374.66918945
-47543580.833984375,-249714831.27246094
-47616909.830078125,-251450874.97192383
-47687690.735839844,-253191482.75463867
-47755966.643066406,-254936635.87121582
-47821779.950683594,-256686319.4552002
-47885172.240234375,-258440522.20263672
-47946184.22558594,-260199236.1064453
-48004855.705566406,-261962456.2359619
-48061225.540527344,-263730180.553833
-48115331.65966797,-265502409.77062988
-48167211.061035156,-267279147.2298584
-48216899.84472656,-269060398.8243408
-48264433.23730469,-270846172.9456787
-48309845.64355469,-272636480.4708252
-48353170.69873047,-274431334.79003906
-48394441.326660156,-276230751.8881836
-48433689.80078125,-278034750.4881592
-48470947.779785156,-279843352.2758789
-48506246.321777344,-281656582.2196045
-48539615.830078125,-283474469.0074463
-48571085.86376953,-285297045.61621094
-48600684.783203125,-287124350.01672363
-48628439.07861328,-288956425.99523926
-48654372.27685547,-290793324.01464844
-48678503.27832031,-292635101.960083
-48700844.00878906,-294481825.4842529
-48721396.40136719,-296333567.51904297
-48740149.001953125,-298190406.4359131
-48757073.868652344,-300052422.41503906
-48772124.87402344,-301919692.0124512
-48785238.525878906,-303792281.6906738
-48796337.96142578,-305670241.8765869
-48805339.51464844,-307553603.39941406
-48812160.171875,-309442377.4309082
-48816723.88183594,-311336558.7336426
-48818965.30566406,-313236130.8363037
-48818830.821777344,-315141071.4584961
-48816277.43798828,-317051356.9536133
-48811270.592285156,-318966965.2770996
-48803781.689941406,-320887877.5550537
-48793785.85205078,-322814078.5958252
-48781260.123535156,-324745556.73010254
-48766182.15185547,-326682303.28674316
-48748529.30371094,-328624311.92163086
-48728278.103515625,-330571577.92163086
-48705403.928222656,-332524097.55578613
-48679880.87988281,-334481867.5008545
-48651681.794921875,-336444884.34973145
-48620778.32373047,-338413144.20581055
-48587141.07763672,-340386642.34716797
-48550739.82519531,-342365372.9650879
-48511543.69824219,-344349328.9555664
-48469521.427734375,-346338501.7694092
-48424641.6015625,-348332881.30981445
-48376872.912109375,-350332455.87597656
-48326184.44238281,-352337212.1546631
-48272545.931152344,-354347135.2553711
-48215928.05761719,-356362208.8001709
-48156302.73779297,-358382415.0682373
-48093643.39550781,-360407735.2071533
-48027925.24609375,-362438149.52038574
-47959125.54785156,-364473637.84924316
-47887223.81298828,-366514180.0621338
-47812201.93066406,-368559756.67578125
-47734044.18017578,-370610349.61694336
-47652737.018066406,-372665943.1335449
-47568268.56689453,-374726524.83032227
-47480627.666015625,-376792086.7532959
-47389802.314453125,-378862626.36328125
-47295777.439453125,-380938147.1113281
-47198531.96582031,-383018658.18115234
-47098035.510253906,-385104172.8786621
-46994245.360839844,-387194705.22924805
-46887104.86230469,-389290264.78686523
-46776544.33496094,-391390850.4211426
-46662485.1171875,-393496444.6743164
-46544846.18408203,-395607010.5090332
-46423551.583496094,-397722491.5786133
-46298536.68359375,-399842815.7841797
-46169751.837402344,-401967900.73168945
-46037163.291503906,-404097659.4135742
-45900751.993652344,-406232004.8918457
-45760511.29248047,-408370853.4958496
-45616444.36621094,-410514126.6237793
-45468561.854003906,-412661751.4812012
-45316879.923828125,-414813661.1464844
-45161418.82421875,-416969794.2702637
-45002201.81542969,-419130094.6135254
-44839254.44580078,-421294510.55908203
-44672604.05419922,-423462994.6525879
-44502279.44238281,-425635503.2109375
-44328310.665527344,-427811995.99780273
-44150728.89111328,-429992435.97094727
-43969566.31933594,-432176789.0859375
-43784856.114746094,-434365024.157959
-43596632.39550781,-436557112.7631836
-43404930.19189453,-438753029.1804199
-43209785.44433594,-440952750.3654785
-43011235.005859375,-443156255.9543457
-42809316.6328125,-445363528.298584
-42604069.00439453,-447574552.52856445
-42395531.73144531,-449789316.6503906
-42183745.37011719,-452007811.6862793
-41968751.447753906,-454230031.8618164
-41750592.458984375,-456455974.8547363
-41529311.8671875,-458685642.1203613
-41304954.049316406,-460919039.3129883
-41077564.169921875,-463156176.8173828
-40847187.939453125,-465397070.4140625
-40613871.165527344,-467641742.0686035
-40377658.99951172,-469890220.8442383
-40138594.75683594,-472142543.8347168
-39896718.14013672,-474398756.9794922
-39652062.790527344,-476658915.46069336
-39404653.158691406,-478923083.24609375
-39154501.01513672,-481191331.2624512
-38901602.279785156,-483463733.76220703
-38645935.271484375,-485740362.8972168
-38387461.53417969,-488021282.2819824
-38126129.80371094,-490306541.14282227
-37861882.525390625,-492596170.8833008
-37594663.201171875,-494890185.1699219
-37324422.509277344,-497188583.2854004
-37051121.856933594,-499491355.3562012
-36774734.19238281,-501798487.77563477
-36495242.74169922,-504109967.611084
-36212638.673339844,-506425785.53149414
-35926918.50439453,-508745937.3249512
-35638081.7421875,-511070424.3754883
-35346128.97216797,-513399253.46655273
-35051060.43847656,-515732436.2180176
-34752875.02783203,-518069988.3808594
-34451569.60498047,-520411929.0949707
-34147138.580078125,-522758280.1911621
-33839573.670410156,-525109065.5588379
-33528863.779296875,-527464310.59106445
-33214994.96875,-529824041.70214844
-32897950.490234375,-532188285.9133301
-32577710.861328125,-534557070.49560547
-32254253.974121094,-536930422.6672363
-31927555.221679688,-539308369.3330078
-31597587.65673828,-541690936.8684082
-31264322.15576172,-544078150.9387207
-30927727.6015625,-546470036.3613281
-30587771.087890625,-548866617.0029297
-30244418.126953125,-551267915.7250977
-29897632.87548828,-553673954.3796387
-29547378.365722656,-556084753.8618164
-29193616.736816406,-558500334.239502
-28836309.446777344,-560920714.9680176
-28475417.46484375,-563345915.2128906
-28110901.381835938,-565775954.2980957
-27742721.400878906,-568210852.2949219
-27370837.149902344,-570650630.7583008
-26995207.162109375,-573095313.5810547
-26615787.94873047,-575544927.9001465
-26232532.48046875,-577999504.880127
-25845387.973632812,-580459080.090332
-25454293.02734375,-582923693.0385742
-25059174.384277344,-585393385.3361816
-24659944.04638672,-587868197.0686035
-24256497.80810547,-590348161.3911133
-23848716.40283203,-592833298.1472168
-23436469.759277344,-595323608.1193848
-23019623.818359375,-597819069.7316895
-22598048.116210938,-600319639.2937012
-22171622.127441406,-602825254.5166016
-21740239.006347656,-605335839.8850098
-21303806.60498047,-607851312.21875
-20862246.404785156,-610371585.2160645
-20415491.399414062,-612896572.5300293
-19963483.71142578,-615426189.453125
-19506172.436035156,-617960353.5744629
-19043511.94482422,-620498984.7880859
-18575460.64013672,-623042004.9455566
-18101980.119140625,-625589337.3806152
-17623034.67578125,-628140906.4101562
-17138591.012695312,-630696636.8884277
-16648618.136230469,-633256453.8381348
-16153087.358398438,-635820282.1623535
-15651972.366699219,-638388046.442627
-15145249.348632812,-640959670.8081055
-14632897.130859375,-643535078.8676758
-14114897.354003906,-646114193.7016602
-13591234.634765625,-648696937.8999023
-13061896.739746094,-651283233.645752
-12526874.760742188,-653873002.8405762
-11986163.2890625,-656466167.2670898
-11439760.576660156,-659062648.7919922
-10887668.709472656,-661662369.6132812
-10329893.766601562,-664265252.5559082
-9766445.962402344,-666871221.4221191
-9197339.781738281,-669480201.4150391
-8622594.085449219,-672092119.6381836
-8042232.15625,-674706905.7043457
-7456281.664550781,-677324492.4550781
-6864774.502441406,-679944816.8164062
-6267746.388183594,-682567820.7932129
-5665236.176269531,-685193452.5681152
-5057284.699707031,-687821667.6398926
-4443933.015625,-690452429.826416
-3825219.9560546875,-693085711.840332
-3201179.0112304688,-695721494.9970703
-2571834.830078125,-698359767.5368652
-1937200.076171875,-701000521.1320801
-1297273.7348632812,-703643745.6064453
-652042.0034179688,-706289422.6867676
-1482.33056640625,-708937520.3930664
654430.0625,-711587989.8955078
1315714.888671875,-714240765.8979492
1982380.796875,-716895770.2602539
2654421.9736328125,-719552917.4379883
3331817.4956054688,-722212120.0620117
4014532.7138671875,-724873293.4797363
4702521.699707031,-727536358.7949219
5395729.9365234375,-730201244.5200195
6094096.775390625,-732867887.1787109
6797557.431152344,-735536231.2460938
7506044.521484375,-738206228.7321777
8219489.1826171875,-740877838.6098633
8937821.865234375,-743551026.2148438
9660972.889160156,-746225762.6782227
10388872.826171875,-748902024.421875
11121452.7578125,-751579792.7243652
11858644.462402344,-754259053.3544922
12600380.533203125,-756939796.2614746
13346594.467285156,-759622015.3232422
14097220.726074219,-762305708.1318359
14852194.769042969,-764990875.8256836
15611453.087402344,-767677522.947998
16374933.207519531,-770365657.3383789
17142573.693359375,-773055290.0605469
17914314.134765625,-775746435.3552246
18690095.125,-778439110.6318359
19469858.23046875,-781133336.5039062
20253545.958984375,-783829136.8781738
21041101.72265625,-786526539.1013184
21832469.833984375,-789225574.192627
22627595.512695312,-791926277.1733398
23426424.987304688,-794628687.510498
24228905.71044922,-797332849.6936035
25034986.771484375,-800038813.9477539
25844619.618164062,-802746637.0568848
26657759.21484375,-805456383.2175293
27474365.79296875,-808168124.7600098
28294407.278320312,-810881942.4377441
29117862.379882812,-813597924.8452148
29944724.02783203,-816316166.4448242
30775002.438476562,-819036763.7739258
31608726.68310547,-821759809.887207
32445943.66748047,-824485387.8427734
33286713.939453125,-827213564.8747559
34131105.006347656,-829944389.0466309
34979183.935546875,-832677889.4592285
35831011.23779297,-835414079.6826172
36686637.3671875,-838152962.982666
37546101.93798828,-840894537.6791992
38409434.96875,-843638801.4567871
39276659.14941406,-846385754.190918
40147792.341796875,-849135399.3833008
41022849.82421875,-851887744.5827637
41901846.07519531,-854642801.1477051
42784796.08251953,-857400583.6674805
43671716.232910156,-860161109.2431641
44562624.87011719,-862924396.7556152
45457542.606933594,-865690466.171875
46356492.458984375,-868459337.9348145
47259499.86035156,-871231032.4267578
48166592.576171875,-874005569.5202637
49077800.57910156,-876782968.1972656
49993155.861816406,-879563246.2348633
50912692.236816406,-882346419.9472656
51836445.09863281,-885132503.9836426
52764451.18457031,-887921511.1691895
53696748.306640625,-890713452.394043
54633375.083984375,-893508336.5480957
55574370.653808594,-896306170.4990234
56519774.37597656,-899106959.1228027
57469625.544433594,-901910705.3947754
58423963.0703125,-904717410.5412598
59382825.20019531,-907527074.2749023
60346249.23486328,-910339695.1203613
61314271.298339844,-913155270.8569336
62286926.18408203,-915973799.0871582
63264247.32519531,-918795277.9558105
64246266.98876953,-921619707.0126953
65233016.76953125,-924447088.2026367
66224528.5390625,-927277426.8955078
67220835.9975586,-930110732.7919922
68221976.9165039,-932947020.4023438
69227996.05615234,-935786308.6618652
70238948.41503906,-938628619.1472168
71254902.13574219,-941473972.4970703
72275939.88964844,-944322383.0605469
73302157.66796875,-947173852.6367188
74333660.43310547,-950028364.9208984
75370555.2993164,-952885882.4799805
76412944.04980469,-955746347.2744141
77460916.97851562,-958609684.4089355
78514549.37646484,-961475807.6489258
79573900.74414062,-964344625.0493164
80639016.03027344,-967216043.5249023
81709927.90332031,-970089971.9353027
82786659.25390625,-972966322.7880859
83869225.45800781,-975845012.9211426
84957636.19140625,-978725963.5402832
86051896.7915039,-981609099.9130859
87152009.20898438,-984494350.920166
88257972.65283203,-987381648.5883789
89369784.00048828,-990270927.6582031
90487438.04589844,-993162125.2272949
91610927.64208984,-996055180.4631348
92740243.77197266,-998950034.3869629
93875375.56982422,-1001846629.7224121
95016310.31103516,-1004744910.7978516
96163033.39111328,-1007644823.494873
97315528.28857422,-1010546315.2392578
98473776.52734375,-1013449335.0212402
99637757.62548828,-1016353833.4555664
100807449.04345703,-1019259762.8669434
101982826.13867188,-1022167077.4104004
103163862.1015625,-1025075733.2297363
104350527.90527344,-1027985688.6550293
105542792.25146484,-1030896904.4536133
106740621.53222656,-1033809344.145752
107943979.80810547,-1036722974.3962402
109152828.8383789,-1039637765.5070801
110367128.18261719,-1042553692.0231934
111586835.44580078,-1045470733.4675293
112811906.7211914,-1048388875.2126465
114042297.35644531,-1051308109.458252
115277963.16259766,-1054228436.2316895
116518862.22802734,-1057149864.2487793
117764957.41894531,-1060072411.3254395
119016219.54785156,-1062996103.9042969
120272630.86425781,-1065920975.1665039
121534188.16601562,-1068847061.3164062
122800904.38720703,-1071774396.1052246
124072807.55029297,-1074703004.4418945
125349936.5727539,-1077632896.7312012
126632334.62353516,-1080564065.7539062
127920041.82666016,-1083496487.0932617
129213089.31689453,-1086430122.7614746
130511495.93115234,-1089364926.5585938
131815267.61572266,-1092300849.5134277
133124398.83935547,-1095237844.2453613
134438874.99023438,-1098175867.8322754
135758675.01123047,-1101114883.2949219
137083773.76123047,-1104054860.0634766
138414143.91845703,-1106995773.7958984
139749757.41601562,-1109937605.8562012
141090586.47021484,-1112880342.6479492
142436604.2680664,-1115823974.9301758
143787785.42919922,-1118768497.1640625
145144106.28125,-1121713906.9370117
146505545.03710938,-1124660204.4541016
147872081.8544922,-1127607392.1015625
149243698.8725586,-1130555474.0739746
150620380.18066406,-1133504456.0600586
152002111.77490234,-1136454344.9699707
153388881.48828125,-1139405148.715088
154780678.89453125,-1142356876.013916
156177495.20751953,-1145309536.2441406
157579323.16210938,-1148263139.3215332
158986156.87841797,-1151217695.6208496
160397991.7163086,-1154173215.9396973
161814824.12548828,-1157129711.501709
163236651.47070312,-1160087194.0280762
164663471.88720703,-1163045675.8708496
166095284.11865234,-1166005170.237793
167532087.4194336,-1168965691.5166016
168973881.50195312,-1171927255.7265625
170420666.63964844,-1174889881.1064453
171872443.9404297,-1177853588.8459473
173329215.9501953,-1180818403.9282227
174790987.69677734,-1183784356.0095215
176257768.32470703,-1186751480.1582031
177729573.41503906,-1189719817.1547852
179206427.96533203,-1192689412.9018555
180688369.68066406,-1195660316.427246
182175451.85791016,-1198632576.0671387
183667744.72753906,-1201606233.902832
185165334.1435547,-1204581319.3173828
186668317.11914062,-1207557843.3232422
188176794.93701172,-1210535795.4675293
189690865.6225586,-1213515144.303711
191210617.82617188,-1216495841.0512695
192736127.30419922,-1219477824.9870605
194267456.16552734,-1222461028.8984375
195804654.0517578,-1225445383.4624023
197347760.33447266,-1228430820.1401367
198896806.52197266,-1231417272.7104492
200451818.3803711,-1234404677.7978516
202012817.62695312,-1237392974.7783203
203579823.13085938,-1240382105.3571777
205152851.73339844,-1243372013.0212402
206731918.72314453,-1246362642.4814453
208317038.1044922,-1249353939.1728516
209908222.68164062,-1252345848.826416
211505484.03955078,-1255338317.135498
213108832.45947266,-1258331289.496582
214718276.7626953,-1261324710.8308105
216333824.15625,-1264318525.4672852
217955480.0288086,-1267312677.0878906
219583247.76416016,-1270307108.7185059
221217128.5366211,-1273301762.7736816
222857121.09716797,-1276296581.1384277
224503221.5756836,-1279291505.2944336
226155423.27392578,-1282286476.489746
227813716.45996094,-1285281435.9555664
229478088.17382812,-1288276325.1730957
231148522.03857422,-1291271086.2041016
232824998.0888672,-1294265662.0917969
234507492.63330078,-1297259997.350586
236195978.16601562,-1300254038.5612793
237890423.36279297,-1303247735.086914
239590793.23632812,-1306241039.9279785
241297049.48828125,-1309233910.7138672
243009151.20410156,-1312226310.807129
244727056.01123047,-1315218210.430664
246450721.84179688,-1318209587.651123
248180109.3935547,-1321200428.9042969
249915185.27246094,-1324190728.6228027
251655925.44384766,-1327180487.430664
253402318.27685547,-1330169708.5131836
255154366.05566406,-1333158392.230713
256912083.80273438,-1336146529.8649902
258675495.00146484,-1339134098.1523438
260444624.89404297,-1342121056.402588
262219493.20654297,-1345107347.1816406
264000108.29638672,-1348092900.145996
265786463.953125,-1351077637.5683594
267578538.9169922,-1354061479.8903809
269376298.36376953,-1357044350.1696777
271179696.3823242,-1360026177.025879
272988678.64697266,-1363006896.215088
274803184.8198242,-1365986451.189209
276623150.5136719,-1368964793.0185547
278448508.7783203,-1371941879.9750977
280279191.1816406,-1374917676.9763184
282115128.578125,-1377892155.0029297
283956251.6489258,-1380865290.5566406
285802491.26171875,-1383837065.1779785
287653778.7270508,-1386807465.0361328
289510045.97314453,-1389776480.5830078
291371225.66259766,-1392744106.269287
293237251.2885742,-1395710340.3061523
295108057.22265625,-1398675184.475586
296983578.76220703,-1401638643.97583
298863752.1635742,-1404600727.2988281
300748514.6459961,-1407561446.1384277
302637804.41015625,-1410520815.3286133
304531560.62060547,-1413478852.8168945
306429723.3959961,-1416435579.666748
308332233.7910156,-1419391020.1091309
310239033.76123047,-1422345201.640625
312150066.15185547,-1425298155.1896973
314065274.68896484,-1428249915.3642578
315984604.0185547,-1431200520.7907715
317907999.81347656,-1434150014.5793457
319835409.0126953,-1437098444.9143066
321766780.2729492,-1440045865.7822266
323702064.7241211,-1442992337.8024902
325641217.1875,-1445937929.0847168
327584197.9760742,-1448882715.9265137
329530975.4003906,-1451826783.058838
331481528.9135742,-1454770222.9677734
333435852.5546875,-1457713133.798584
335393957.96240234,-1460655615.4104004
337355875.79248047,-1463597763.7053223
339321654.47558594,-1466539664.0915527
341291355.7944336,-1469481385.7827148
343265048.1040039,-1472422978.701416
345242798.95458984,-1475364473.956787
347224669.1772461,-1478305887.4621582
349210709.6074219,-1481247225.227295
351200960.49853516,-1484188488.645996
353195452.90283203,-1487129678.701416
355194210.984375,-1490070798.6472168
357197254.52685547,-1493011855.35083
359204601.1557617,-1495952859.626709
361216268.1020508,-1498893825.9465332
363232273.4736328,-1501834771.8273926
365252637.1298828,-1504775717.0942383
367277381.2290039,-1507716683.1186523
369306530.5258789,-1510657692.1174316
371340112.4995117,-1513598766.5219727
373378157.36279297,-1516539928.4277344
375420697.9790039,-1519481199.1237793
377467769.73046875,-1522422598.6916504
379519410.32714844,-1525364145.670166
381575659.59814453,-1528305856.7788086
383636559.25878906,-1531247746.682373
385702152.6533203,-1534189827.8183594
387772484.48583984,-1537132110.2509766
389847600.5307617,-1540074601.5847168
391927547.3408203,-1543017306.914795
394012371.9316406,-1545960228.8393555
396102121.4707031,-1548903367.515625
398196842.95654297,-1551846720.8010254
400296582.8930664,-1554790284.4541016
402401387.00439453,-1557734052.4526367
404511299.97509766,-1560678017.4086914
406626365.27001953,-1563622171.1340332
408746625.1040039,-1566566505.3376465
410872120.5986328,-1569511012.4816895
413002892.2817383,-1572455686.7558594
415138981.04541016,-1575400525.0891113
417280429.6953125,-1578345528.0187988
419427285.22021484,-1581290700.0998535
421579601.69384766,-1584236049.4301758
423737443.5029297,-1587181585.7216797
425900888.1098633,-1590127316.5717773
428070027.2504883,-1593073241.996338
430244965.42089844,-1596019348.1589355
432425815.2636719,-1598965601.9519043
434612690.5600586,-1601911948.230713
436805698.74316406,-1604858310.6279297
439004934.85791016,-1607804595.503418
441210478.2192383,-1610750697.553711
443422391.7602539,-1613696505.4055176
445640723.3466797,-1616641906.0964355
447865508.03027344,-1619586788.0776367
450096770.515625,-1622531042.8513184
452334527.3354492,-1625474565.6208496
454578788.5961914,-1628417255.326416
456829559.25634766,-1631359014.3635254
459086840.0234375,-1634299748.1669922
461350627.92822266,-1637239364.7878418
463620916.70214844,-1640177774.5163574
465897696.97314453,-1643114889.5717773
468180956.3803711,-1646050623.8742676
470470679.60791016,-1648984892.8845215
472766848.3857422,-1651917613.5114746
475069441.4638672,-1654848704.0656738
477378434.5644531,-1657778084.2790527
479693800.34277344,-1660705675.340088
482015508.32958984,-1663631399.9851074
484343524.8754883,-1666555182.6113281
486677813.1044922,-1669476949.4226074
489018332.8569336,-1672396628.616455
491365040.640625,-1675314150.5895996
493717889.57714844,-1678229448.2072754
496076829.36572266,-1681142457.109375
498441806.25341797,-1684053116.0878906
500812763.0336914,-1686961367.538086
503189639.1010742,-1689867158.0148926
505572370.58251953,-1692770438.8952637
507960890.61083984,-1695671167.178955
510355129.8256836,-1698569306.4172363
512755017.18408203,-1701464827.739746
515160481.2529297,-1704357710.902832
517571452.10009766,-1707247945.1606445
519987863.88183594,-1710135529.6850586
522409658.09375,-1713020473.0263672
524836787.0957031,-1715902791.1364746
527269217.19189453,-1718782503.545166
529706930.08740234,-1721659627.80542
532149921.6464844,-1724534173.1166992
534598197.50634766,-1727406134.8447266
537051766.3603516,-1730275491.6643066
539510632.7270508,-1733142206.305664
541974791.2416992,-1736006229.3874512
544444223.5986328,-1738867504.863037
546918898.1962891,-1741725975.4311523
549398771.706543,-1744581586.8049316
551883791.565918,-1747434290.477295
554373898.6357422,-1750284045.1279297
556869029.5913086,-1753130817.0390625
559369118.8300781,-1755974579.8896484
561874099.9223633,-1758815314.220459
564383906.6464844,-1761653006.772705
566898473.7158203,-1764487649.8120117
569417737.265625,-1767319240.4802246
571941635.1660156,-1770147780.2270508
574470107.2319336,-1772973274.3061523
577003095.3369141,-1775795731.3469238
579540543.4790039,-1778615162.9787598
582082397.8032227,-1781431583.5195312
584628606.597168,-1784245009.7011719
587179120.2661133,-1787055460.435791
589733891.2880859,-1789862956.6279297
592292874.1474609,-1792667521.0107422
594856025.269043,-1795469178.0178223
597423302.9238281,-1798267953.6933594
599994667.1245117,-1801063875.6401367
602570079.5249023,-1803856973.0197754
605149503.2895508,-1806647276.5949707
607732902.984375,-1809434818.8623047
610320244.4794922,-1812219634.2531738
612911494.8720703,-1815001759.4511719
615506622.5146484,-1817781233.8149414
618105597.144043,-1820558099.9658203
620708390.2363281,-1823332404.4873047
623314975.6699219,-1826104198.7473145
625925330.8520508,-1828873539.7392578
628539438.4458008,-1831640490.770996
631157288.777832,-1834405121.6660156
633778882.8999023,-1837167508.052246
636404235.9082031,-1839927729.1958008
639033379.7963867,-1842685863.9853516
641666364.6572266,-1845441985.2268066
644303257.1552734,-1848196153.1374512
646944135.8813477,-1850948409.7651367
649589084.3447266,-1853698776.0976562
652238183.5322266,-1856447252.7675781
654891505.9619141,-1859193823.8395996
657549112.4365234,-1861938462.2160645
660211051.4570312,-1864681134.977295
662877360.5498047,-1867421807.598877
665548068.5200195,-1870160446.6726074
668223197.8364258,-1872897021.277832
670902766.7514648,-1875631503.4077148
673586790.9467773,-1878363867.7631836
676275284.7075195,-1881094091.2609863
678968261.699707,-1883822152.4177246
681665735.4321289,-1886548030.7346191
684367719.4931641,-1889271706.1381836
687074227.6044922,-1891993158.5046387
689785273.5981445,-1894712367.262207
692500871.2817383,-1897429311.0861816
695221034.2836914,-1900143967.6662598
697945775.8491211,-1902856313.5332031
700675108.6186523,-1905566323.9543457
703409044.4086914,-1908273972.8771973
706147593.9609375,-1910979232.921875
708890766.7055664,-1913682075.4145508
711638570.5185547,-1916382470.472412
714391011.4677734,-1919080387.1306152
717148093.5722656,-1921775793.5202637
719909818.5507812,-1924468657.0922852
722676185.5991211,-1927158944.9282227
725447191.1616211,-1929846624.0998535
728222828.7446289,-1932531662.1433105
731003088.7861328,-1935214027.6245117
733787958.612793,-1937893690.8510742
736577422.5405273,-1940570624.7062988
739371462.2026367,-1943244805.6330566
742170057.222168,-1945916214.7268066
744973186.3481445,-1948584838.847168
747780829.2207031,-1951250671.5632324
750592968.8364258,-1953913713.621582
753409594.668457,-1956573972.479248
756230706.0727539,-1959231460.3569336
759056315.2006836,-1961886190.4753418
761886448.284668,-1964538171.5444336
764721144.1801758,-1967187401.5217285
767560449.8027344,-1969833862.2875977
770404413.2583008,-1972477517.0251465
773253076.5703125,-1975118311.1923828
776106469.9462891,-1977756176.557373
778964608.7553711,-1980391036.7998047
781827493.1875,-1983022813.0195312
784695109.8100586,-1985651428.0979004
787567434.0356445,-1988276809.538086
790444432.7480469,-1990898890.9794922
793326066.640625,-1993517612.7045898
796212292.0932617,-1996132921.55542
799103062.5947266,-1998744770.5197754
801998329.7641602,-2001353118.2009277
804898044.059082,-2003957928.2529297
807802155.2661133,-2006559168.873291
810710612.8271484,-2009156812.350586
813623366.0517578,-2011750834.6882324
816540364.2568359,-2014341215.2946777
819461556.8637695,-2016927936.7199707
822386893.4438477,-2019510984.4685059
825316323.762207,-2022090346.8259277
828249797.7890625,-2024666014.744629
831187265.6992188,-2027237981.753662
834128677.8691406,-2029806243.9016113
837073984.862793,-2032370799.7302246
840023137.394043,-2034931650.2739258
842976086.2993164,-2037488799.1088867
845932782.4985352,-2040042252.4375
848893176.9448242,-2042592019.2260742
851857220.5922852,-2045138111.409912
854824864.3813477,-2047680544.1828613
857796059.2607422,-2050219336.385498
860770756.293457,-2052754511.0058594
863748906.8989258,-2055286095.8320312
866730463.3076172,-2057814124.2148438
869715379.3413086,-2060338635.9482422
872703611.659668,-2062859678.1628418
875695121.6147461,-2065377306.0368652
878689877.7949219,-2067891583.0266113
881687859.2075195,-2070402580.1501465
884689058.7290039,-2072910373.784912
887693486.0297852,-2075415041.631836
890701168.8330078,-2077916656.9665527
893712151.4282227,-2080415282.1533203
896726490.0410156,-2082910963.1113281
899744245.921875,-2085403726.5253906
902765478.0512695,-2087893580.6357422
905790237.3837891,-2090380519.0842285
908818563.815918,-2092864526.3017578
911850485.8022461,-2095345582.7871094
914886021.8476562,-2097823669.2358398
917925182.8911133,-2100298769.1550293
920967974.8217773,-2102770870.1464844
924014400.6855469,-2105239964.220459
927064462.4511719,-2107706047.5063477
930118162.2607422,-2110169119.6586914
933175503.324707,-2112629183.145996
936236490.456543,-2115086242.5297852
939301130.4057617,-2117540303.7912598
942369432.0024414,-2119991373.7375488
945441406.2011719,-2122439459.480957
948517066.0239258,-2124884567.9960938
951596426.4624023,-2127326705.75
954679504.3349609,-2129765878.3881836
957766318.1108398,-2132202090.4707031
960856887.7172852,-2134635345.2687988
963951234.3271484,-2137065644.5891113
967049380.1293945,-2139492988.6540527
970151348.0791016,-2141917376.0168457
973257161.6611328,-2144338803.519287
976366844.6020508,-2146757266.309082
979480420.6098633,-2149172757.893799
982597913.0893555,-2151585270.2858887
985719344.8730469,-2153994794.2006836
988844737.9609375,-2156401319.3691406
991974113.3164062,-2158804834.9541016
995107490.7294922,-2161205330.1015625
998244888.8291016,-2163602794.640381
1001386325.3076172,-2165997219.919922
1004531817.4692383,-2168388599.7790527
1007681383.2714844,-2170776931.5146484
1010835042.9462891,-2173162216.7143555
1013992821.3491211,-2175544461.587158
1017154750.9316406,-2177923676.357666
1020320874.984375,-2180299873.191162
1023491250.3378906,-2182673062.281006
1026665948.4047852,-2185043246.244629
1029845053.4536133,-2187410413.823242
1033028657.7563477,-2189774534.570801
1036216854.5087891,-2192135556.3146973
1039409730.3598633,-2194493406.209961
1042607359.5732422,-2196847994.8564453
1045809800.8920898,-2199199221.91333
1049017097.0839844,-2201546981.619629
1052229276.3393555,-2203891167.1401367
1055446354.5678711,-2206231673.4189453
1058668337.8466797,-2208568398.7038574
1061895224.550293,-2210901245.1140137
1065127007.0498047,-2213230118.618408
1068363672.9536133,-2215554928.7165527
1071605205.9433594,-2217875587.999756
1074851586.3339844,-2220192011.7077637
1078102791.3989258,-2222504117.349365
1081358795.5576172,-2224811824.378418
1084619570.4492188,-2227115053.9606934
1087885084.959961,-2229413728.8132324
1091155305.1884766,-2231707773.100586
1094430194.4023438,-2233997112.4018555
1097709712.9799805,-2236281673.7055664
1100993818.3378906,-2238561385.474365
1104282464.8623047,-2240836177.716797
1107575603.8432617,-2243105982.1157227
1110873183.395996,-2245370732.1782227
1114175148.3955078,-2247630363.4206543
1117481440.4135742,-2249884813.600586
1120791997.6484375,-2252134022.9848633
1124106754.8735352,-2254377934.669922
1127425643.3999023,-2256616494.9785156
1130748591.0732422,-2258849653.9265137
1134075522.305664,-2261077365.800537
1137406358.2202148,-2263299589.838379
1140741016.9360352,-2265516291.0598145
1144079414.059082,-2267727441.210205
1147421463.5478516,-2269933019.8137207
1150767079.0219727,-2272133015.2282715
1154116175.7089844,-2274327425.5095215
1157468673.0874023,-2276516258.789551
1160824498.171875,-2278699532.6623535
1164183589.043457,-2280877272.090576
1167545897.8417969,-2283049505.456299
1170911392.0649414,-2285216258.902832
1174280053.083496,-2287377549.9924316
1177651871.543457,-2289533382.3615723
1181026840.538086,-2291683743.1574707
1184404948.4423828,-2293828604.0561523
1187786173.3769531,-2295967925.29541
1191170480.3891602,-2298101661.1914062
1194557821.2871094,-2300229765.4995117
1197948136.3203125,-2302352195.587158
1201341356.7192383,-2304468915.096924
1204737407.3745117,-2306579895.2836914
1208136209.1826172,-2308685115.3654785
1211537680.9516602,-2310784562.307373
1214941740.824707,-2312878230.2770996
1218348307.3095703,-2314966119.989746
1221757299.9936523,-2317048238.029297
1225168640.0410156,-2319124596.2333984
1228582250.5078125,-2321195211.1206055
1231998056.5708008,-2323260103.4143066
1235415985.6445312,-2325319297.6054688
1238835967.4780273,-2327372821.6066895
1242257934.1870117,-2329420706.430908
1245681820.2695312,-2331462985.9384766
1249107562.6069336,-2333499696.6015625
1252535100.4345703,-2335530877.317627
1255964375.3085938,-2337556569.2541504
1259395331.0507812,-2339576815.720459
1262827913.6875,-2341591662.0788574
1266262071.3701172,-2343601155.696045
1269697754.2910156,-2345605345.9316406
1273134914.5908203,-2347604284.197754
1276573506.2753906,-2349598024.076172
1280013485.1381836,-2351586621.5219727
1283454808.7294922,-2353570135.1831055
1286897436.411621,-2355548626.818115
1290341329.5327148,-2357522161.8813477
1293786451.8261719,-2359490810.215332
1297232770.140625,-2361454646.868408
1300680255.633789,-2363413752.9084473
1304128885.5673828,-2365368216.0600586
1307578645.8149414,-2367318130.8427734
1311029533.975586,-2369263597.7385254
1314481562.7211914,-2371204720.856201
1317934762.5966797,-2373141603.759033
1321389183.0644531,-2375074343.6123047
1324844890.7822266,-2377003024.651123
1328301964.7260742,-2378927712.717041
1331760489.1269531,-2380848452.5786133
1335220546.083496,-2382765268.869873
1338682209.8198242,-2384678170.029785
1342145543.6645508,-2386587153.695801
1345610599.6704102,-2388492211.9555664
1349077420.0576172,-2390393335.393799
1352546039.4960938,-2392290515.6604004
1356016487.5039062,-2394183746.7023926
1359488790.5351562,-2396073025.0703125
1362962973.5810547,-2397958349.633301
1366439061.324707,-2399839721.012207
1369917078.8720703,-2401717140.9123535
1373397052.196289,-2403590611.4418945
1376879008.336914,-2405460134.5126953
1380362975.4375,-2407325711.30249
1383848982.6904297,-2409187341.818115
1387337060.1816406,-2411045024.527588
1390827238.6938477,-2412898756.0827637
1394319549.4833984,-2414748531.0947266
1397814024.0175781,-2416594341.9785156
1401310693.715332,-2418436178.840576
1404809589.6586914,-2420274029.4311523
1408310742.3051758,-2422107879.1313477
1411814181.2001953,-2423937710.9855957
1415319934.6704102,-2425763505.7927246
1418828029.5239258,-2427585242.246582
1422338490.7504883,-2429402897.1237793
1425851341.2285156,-2431216445.5581055
1429366601.4394531,-2433025861.38208
1432884289.2192383,-2434831117.57251
1436404419.5615234,-2436632186.806885
1439927004.5146484,-2438429042.1555176
1443452053.2250977,-2440221657.913574
1446979572.2172852,-2442010010.581543
1450509566.0141602,-2443794079.9526367
1454042038.2480469,-2445573850.2160645
1457576993.4003906,-2447349310.8808594
1461114439.2470703,-2449120457.1896973
1464654389.9331055,-2450887289.569092
1468196869.3134766,-2452649811.56958
1471741913.7001953,-2454408025.962158
1475289572.8999023,-2456161929.1638184
1478839908.4550781,-2457911505.0095215
1482392988.7827148,-2459656719.6186523
1485948882.131836,-2461397519.0620117
1489507649.2949219,-2463133830.6398926
1493069337.9956055,-2464865567.13916
1496633980.0166016,-2466592632.528076
1500201590.9819336,-2468314927.4484863
1503772171.9545898,-2470032353.5202637
1507345711.887207,-2471744816.1328125
1510922190.1923828,-2473452225.90625
1514501578.989746,-2475154499.2175293
1518083844.915039,-2476851558.138672
1521668950.4614258,-2478543330.071045
1525256854.934082,-2480229747.270752
1528847515.1152344,-2481910746.364258
1532440885.7006836,-2483586267.8999023
1536036919.5878906,-2485256255.9838867
1539635568.0668945,-2486920657.9729004
1543236780.932129,-2488579424.234131
1546840506.555664,-2490232507.979492
1550446691.9282227,-2491879865.125244
1554055282.6855469,-2493521454.215576
1557666223.1123047,-2495157236.3808594
1561279456.149414,-2496787175.3125
1564894923.3857422,-2498411237.290039
1568512565.0405273,-2500029391.2211914
1572132319.9521484,-2501641608.7233887
1575754125.5493164,-2503247864.241211
1579377917.8286133,-2504848135.1989746
1583003631.3242188,-2506442402.2214355
1586631199.1049805,-2508030649.402588
1590260552.769043,-2509612864.6743164
1593891622.5175781,-2511189040.257324
1597524337.2885742,-2512759173.25
1601158625.041504,-2514323266.338623
1604794413.2768555,-2515881328.629883
1608431629.8769531,-2517433376.6032715
1612070204.4423828,-2518979435.0427246
1615710070.2265625,-2520519537.7858887
1619351166.7895508,-2522053727.951416
1622993443.2651367,-2523582057.1689453
1626636861.8417969,-2525104583.302002
1630281400.6679688,-2526621366.313965
1633927054.9838867,-2528132462.4470215
1637573835.4453125,-2529637917.7963867
1641221763.3359375,-2531137762.958496
1644870863.609375,-2532632010.5371094
1648521157.6948242,-2534120656.229492
1652172658.0009766,-2535603682.887451
1655825365.1435547,-2537081065.970215
1659479267.8100586,-2538552778.7993164
1663134344.416504,-2540018796.584961
1666790565.5839844,-2541479098.9592285
1670447896.709961,-2542933671.180664
1674106300.2158203,-2544382504.401123
1677765737.3271484,-2545825595.3657227
1681426169.3769531,-2547262945.795166
1685087558.722168,-2548694561.6896973
1688749869.334961,-2550120452.5983887
1692413067.1870117,-2551540630.956543
1696077120.4472656,-2552955111.489746
1699741999.5859375,-2554363910.6918945
1703407677.3862305,-2555767046.3723145
1707074128.8989258,-2557164537.286133
1710741331.3671875,-2558556402.7893066
1714409264.1166992,-2559942662.57959
1718077908.415039,-2561323336.449463
1721747247.3295898,-2562698444.107422
1725417265.553711,-2564068005.012207
1729087949.2216797,-2565432038.273926
1732759285.715332,-2566790562.565674
1736431263.444336,-2568143596.1137695
1740103871.6376953,-2569491156.715088
1743777100.1054688,-2570833261.8305664
1747450939.020996,-2572169928.757324
1751125378.715332,-2573501174.890869
1754800409.5146484,-2574827018.0983887
1758476021.659668,-2576147477.2316895
1762152205.3671875,-2577462572.769043
1765828951.1020508,-2578772327.6203613
1769506250.206543,-2580076768.025879
1773184095.991211,-2581375924.4765625
1776862485.4448242,-2582669832.4399414
1780541421.65625,-2583958532.5842285
1784220916.8408203,-2585242070.015381
1787900995.590332,-2586520492.0
1791581697.5,-2587793843.8398438
1795263078.043457,-2589062163.116699
1798945206.605957,-2590325473.317383
1802628161.4179688,-2591583778.620117
1806312022.3569336,-2592837061.550049
1809996863.540039,-2594085284.2370605
1813682747.6386719,-2595328392.640381
1817369722.9648438,-2596566322.156494
1821057823.1499023,-2597799003.0151367
1824747068.6396484,-2599026364.456787
1828437468.9926758,-2600248337.4196777
1832129025.2807617,-2601464855.919922
1835821732.1713867,-2602675857.5185547
1839515579.5478516,-2603881283.211426
1843210553.6791992,-2605081077.050293
1846906637.9975586,-2606275185.6601562
1850603813.5952148,-2607463557.7629395
1854302059.493164,-2608646143.748535
1858001352.7783203,-2609822895.347412
1861701668.6298828,-2610993765.350586
1865402980.2832031,-2612158707.4396973
1869105258.9643555,-2613317676.059082
1872808473.786621,-2614470626.364502
1876512591.6518555,-2615617514.2089844
1880217577.1254883,-2616758296.1884766
1883923392.328125,-2617892929.711426
1887629996.8144531,-2619021373.111328
1891337347.4560547,-2620143585.8061523
1895045398.3344727,-2621259528.474365
1898754100.6245117,-2622369163.290283
1902463402.4941406,-2623472454.194092
1906173249.0063477,-2624569367.232666
1909883582.046875,-2625659870.9519043
1913594340.2792969,-2626743936.898926
1917305459.1557617,-2627821540.1901855
1921016871.0356445,-2628892660.2419434
1924728505.4375,-2629957281.60376
1928440289.538086,-2631015394.9379883
1932152149.0310059,-2632066998.084717
1935864009.4521484,-2633112097.1276855
1939575798.1489258,-2634150707.26001
1943287446.96167,-2635182853.111328
1946998895.5129395,-2636208568.0629883
1950710094.7192383,-2637227892.0476074
1954421009.6716309,-2638240867.4543457
1958131620.7502441,-2639247533.415283
1961841921.8676758,-2640247919.475586
1965551915.6586914,-2641242040.4262695
1969261606.525879,-2642229894.03125
1972970993.5253906,-2643211462.312744
1976680065.0180664,-2644186715.7973633
1980388796.036621,-2645155619.070801
1984097148.3112793,-2646118136.1105957
1987805072.0180664,-2647074234.355957
1991512508.3725586,-2648023887.2783203
1995219392.2646484,-2648967075.642578
1998925654.588379,-2649903787.822754
2002631224.102539,-2650834019.5646973
2006336028.8100586,-2651757773.440674
2010039996.9697266,-2652675058.20166
2013743057.788086,-2653585888.1259766
2017445141.895996,-2654490282.4038086
2021146181.6640625,-2655388264.595703
2024846111.4050293,-2656279862.1638184
2028544867.5124512,-2657165106.061035
2032242388.5290527,-2658044030.387207
2035938615.1992188,-2658916672.09375
2039633490.473877,-2659783070.734131
2043326959.5073242,-2660643268.2424316
2047018969.6408691,-2661497308.7651367
2050709470.3591309,-2662345238.508789
2054398413.243164,-2663187105.619385
2058085751.9094238,-2664022960.1171875
2061771441.9282227,-2664852853.8415527
2065455440.7512207,-2665676840.467285
2069137707.6113281,-2666494975.560547
2072818203.4433594,-2667307316.715332
2076496890.8232422,-2668113923.7736816
2080173733.9367676,-2668914859.1435547
2083848698.645996,-2669710188.255371
2087521752.6816406,-2670499980.1379395
2091192866.06958,-2671284308.14624
2094862011.8947754,-2672063250.7697754
2098529167.5344238,-2672836892.4519043
2102194316.5175781,-2673605324.208252
2105857451.0874023,-2674368643.7060547
2109518575.3503418,-2675126954.333008
2113177708.6328125,-2675880362.74292
2116834888.1740723,-2676628974.536865
2120490170.0231934,-2677372888.30249
2124143627.0581055,-2678112189.1115723
2127795343.9157715,-2678846943.2021484
2131445409.821045,-2679577195.5637207
2135093911.2749023,-2680302971.140381
2138740926.4985352,-2681024278.9367676
2142386522.635498,-2681741117.4509277
2146030755.545166,-2682453479.852051
2149673671.342285,-2683161357.920166
2153315308.7226562,-2683864744.487549
2156955701.346924,-2684563634.581299
2160594879.8928223,-2685258025.668213
2164232873.630127,-2685947917.3271484
2167869711.527588,-2686633310.664795
2171505422.9714355,-2687314207.626709
2175140038.1745605,-2687990610.319336
2178773588.3654785,-2688662520.3964844
2182406105.8220215,-2689329938.522705
2186037623.772949,-2689992863.930908
2189668176.263672,-2690651294.0478516
2193297797.9333496,-2691305224.2141113
2196926523.7773438,-2691954647.4467773
2200554388.8845215,-2692599554.2836914
2204181428.147949,-2693239932.661133
2207807675.9780273,-2693875767.8620605
2211433165.991455,-2694507042.4882812
2215057930.70459,-2695133736.5024414
2218682001.211426,-2695755827.307129
2222305406.8706055,-2696373289.8774414
2225928174.974365,-2696986096.9606934
2229550330.439209,-2697594219.340332
2233171895.5043945,-2698197626.1887207
2236792889.4575195,-2698796285.519287
2240413328.4191895,-2699390164.748535
2244033225.225342,-2699979231.401123
2247652589.459961,-2700563453.965332
2251271427.727783,-2701142802.880615
2254889744.2851562,-2701717251.640869
2258507542.1679688,-2702286777.904297
2262124824.9492188,-2702851364.401367
2265741599.2165527,-2703410999.310791
2269357877.6696777,-2703965675.621826
2272973682.4052734,-2704515388.96875
2276589047.5688477,-2705060133.6000977
2280204020.1816406,-2705599896.73291
2283818658.123291,-2706134652.362549
2287433025.0285645,-2706664356.3200684
2291047183.147461,-2707188944.216797
2294661186.088135,-2707708333.036865
2298275073.3825684,-2708222425.5803223
2301888867.824951,-2708731116.227539
2305502575.398926,-2709234296.4089355
2309116186.973877,-2709731858.8186035
2312729680.774658,-2710223700.1367188
2316343024.9265137,-2710709722.442627
2319956179.6782227,-2711189833.718994
2323569099.1623535,-2711663947.789551
2327181732.7089844,-2712131983.9802246
2330794025.777832,-2712593866.682617
2334405920.5996094,-2713049524.8964844
2338017356.6157227,-2713498891.8395996
2341628270.762207,-2713941904.6069336
2345238597.656494,-2714378503.916992
2348848269.730713,-2714808633.9072266
2352457217.303467,-2715232242.0041504
2356065368.645996,-2715649278.8276367
2359672650.0117188,-2716059698.1467285
2363278985.67334,-2716463456.8671875
2366884297.935547,-2716860515.0495605
2370488507.1569824,-2717250835.956543
2374091531.756592,-2717634386.133789
2377693288.2192383,-2718011135.517334
2381293691.0961914,-2718381057.576416
2384892653.006836,-2718744129.505127
2388490084.6469727,-2719100332.4570312
2392085894.7944336,-2719449651.8496094
2395679990.361328,-2719792077.7580566
2399272276.477051,-2720127605.404297
2402862656.6794434,-2720456235.75
2406451033.2365723,-2720777976.2563477
2410037307.7216797,-2721092841.7353516
2413621381.915039,-2721400855.3103027
2417203159.2143555,-2721702049.3706055
2420782546.659424,-2721996466.2907715
2424359457.661865,-2722284158.6210938
2427933815.3500977,-2722565188.225586
2431505556.070801,-2722839623.879883
2435074632.2304688,-2723107536.994873
2438641013.2888184,-2723368995.723633
2442204683.864502,-2723624058.5273438
2445765638.7700195,-2723872769.020996
2449323875.996582,-2724115153.72583
2452879389.620117,-2724351223.4335938
2456432164.517334,-2724580977.43042
2459982173.8586426,-2724804408.993408
2463529379.1757812,-2725021510.56958
2467073732.136963,-2725232277.694824
2470615177.10376,-2725436711.4108887
2474153653.711426,-2725634819.3771973
2477689099.128174,-2725826616.0839844
2481221449.824951,-2726012122.503174
2484750642.887207,-2726191365.463867
2488276616.930908,-2726364376.9296875
2491799312.730957,-2726531193.272217
2495318673.5976562,-2726691854.5998535
2498834645.626465,-2726846404.149658
2502347177.812744,-2726994887.7668457
2505856222.1049805,-2727137353.4404297
2509361733.392334,-2727273850.909912
2512863669.4572754,-2727404431.326416
2516361990.902832,-2727529146.956543
2519856661.051758,-2727648050.939209
2523347645.838135,-2727761197.0683594
2526834913.654297,-2727868639.6171875
2530318435.2248535,-2727970433.208008
2533798183.4260254,-2728066632.708008
2537274133.1135254,-2728157293.1799316
2540746260.9362793,-2728242469.8825684
2544214545.140625,-2728322218.3339844
2547678965.3811035,-2728396594.4489746
2551139502.5515137,-2728465654.772461
2554596138.6481934,-2728529456.824463
2558048856.738037,-2728588059.5742188
2561497641.0498047,-2728641524.059082
2564942477.303711,-2728689914.144043
2568383353.385742,-2728733297.379883
2571820260.503662,-2728771745.8686523
2575253194.977539,-2728805336.915283
2578682160.71875,-2728834153.133545
2582107172.314209,-2728858281.5322266
2585528258.2663574,-2728877811.047119
2588945463.5527344,-2728892828.225586
2592358850.304199,-2728903411.3007812
2595768495.6120605,-2728909623.7910156
2599174486.2370605,-2728911509.3845215
2602576911.3237305,-2728909089.8083496
2605975855.0527344,-2728902366.281494
2609371391.1430664,-2728891323.859131
2612763580.128418,-2728875937.001465
2616152469.206787,-2728856174.8481445
2619538093.7939453,-2728832005.220215
2622920479.84375,-2728803397.1396484
2626299646.1938477,-2728770322.0668945
2629675606.5915527,-2728732754.2509766
2633048371.241699,-2728690670.5390625
2636417947.9089355,-2728644049.930908
2639784342.6308594,-2728592873.036377
2643147560.1486816,-2728537121.55542
2646507604.1245117,-2728476777.814453
2649864477.213867,-2728411824.381836
2653218181.040283,-2728342243.772217
2656568716.10083,-2728268018.22876
2659916081.647705,-2728189129.5688477
2663260275.525635,-2728105559.1047363
2666601294.006836,-2728017287.598633
2669939131.621582,-2727924295.2841797
2673273780.979248,-2727826561.9179688
2676605232.583252,-2727724066.8742676
2679933474.6640625,-2727616789.282959
2683258492.998291,-2727504708.2055664
2686580270.736328,-2727387802.850342
2689898788.2348633,-2727266052.850586
2693214022.9003906,-2727139438.592041
2696525949.0581055,-2727007941.625244
2699834537.8391113,-2726871545.157715
2703139757.1484375,-2726730234.6589355
2706441571.716797,-2726583998.585449
2709739943.32251,-2726432829.2492676
2713034831.24292,-2726276723.808838
2716326193.0910645,-2726115685.364502
2719613986.1228027,-2725949724.0322266
2722898169.2182617,-2725778857.7929688
2726178705.54126,-2725603112.796875
2729455565.8273926,-2725422522.595215
2732728731.82666,-2725237125.833252
2735998199.0390625,-2725046962.0441895
2739263977.592285,-2724852065.8657227
2742526090.2075195,-2724652460.769043
2745784567.11499,-2724448154.095703
2749039438.9804688,-2724239135.0793457
2752290729.8220215,-2724025376.4416504
2755538451.802246,-2723806838.8339844
2758782602.790283,-2723583476.4765625
2762023166.5061035,-2723355242.4470215
2765260114.3442383,-2723122092.6896973
2768493407.9472656,-2722883988.5134277
2771723001.8066406,-2722640897.8146973
2774948845.527832,-2722392795.386963
2778170885.616699,-2722139662.6916504
2781389066.818115,-2721881487.3479004
2784603333.0664062,-2721618262.540283
2787813628.136963,-2721349986.4072266
2791019896.0895996,-2721076661.4855957
2794222081.5617676,-2720798294.2285156
2797420129.9433594,-2720514894.585205
2800613987.499756,-2720226475.6591797
2803803601.4248047,-2719933053.4155273
2806988919.8796387,-2719634646.437744
2810169891.991699,-2719331275.744385
2813346467.850342,-2719022964.623291
2816518598.4711914,-2718709738.513672
2819686235.769043,-2718391624.918213
2822849332.5024414,-2718068653.342285
2826007842.2165527,-2717740855.2734375
2829161719.1723633,-2717408264.2041016
2832310918.272705,-2717070915.692383
2835455394.9868164,-2716728847.4821777
2838595105.2822266,-2716382099.7055664
2841730005.5751953,-2716030715.154297
2844860052.734375,-2715674739.6689453
2847985204.1672363,-2715314222.656006
2851105418.0634766,-2714949217.724121
2854220653.8598633,-2714579783.4748535
2857330873.0649414,-2714205984.363037
2860436040.577881,-2713827891.5664062
2863536126.626953,-2713445583.6103516
2866631109.4172363,-2713059146.439453
2869720978.3637695,-2712668672.4404297
2872805737.4648438,-2712274257.876953
2875885407.9572754,-2711875998.481201
2878960029.05249,-2711473983.4348145
2882029655.775635,-2711068288.928955
2885094353.727051,-2710658973.0456543
2888154191.8789062,-2710246073.654297
2891209235.3945312,-2709829609.8879395
2894259540.32251,-2709409586.456787
2897305151.066162,-2708985999.116455
2900346100.409424,-2708558839.805908
2903382411.206543,-2708128100.4802246
2906414098.7927246,-2707693775.459717
2909441173.41333,-2707255862.4970703
2912463642.306885,-2706814362.9660645
2915481511.2927246,-2706369281.5161133
2918494785.9243164,-2705920625.4611816
2921503472.229004,-2705468404.093994
2924507577.1606445,-2705012627.9956055
2927507108.8391113,-2704553308.418457
2930502076.61792,-2704090456.7373047
2933492491.060791,-2703624083.994385
2936478363.8356934,-2703154200.5075684
2939459707.5532227,-2702680815.563965
2942436535.5842285,-2702203937.1672363
2945408861.8288574,-2701723571.847168
2948376700.4921875,-2701239724.5063477
2951340065.826172,-2700752398.32959
2954298971.870117,-2700261594.732666
2957253432.176758,-2699767313.352539
2960203459.5307617,-2699269552.0825195
2963149065.6604004,-2698768307.1748047
2966090260.940918,-2698263573.3896484
2969027054.1118164,-2697755344.21875
2971959451.9975586,-2697243612.189453
2974887459.2504883,-2696728369.2768555
2977811078.1674805,-2696209607.430176
2980730308.577881,-2695687319.2280273
2983645147.911377,-2695161498.6967773
2986555591.4904785,-2694632142.258301
2989461633.2001953,-2694099249.788574
2992363266.650879,-2693562825.669922
2995260486.9855957,-2693022879.6210938
2998153293.40625,-2692479426.973633
3001041692.2875977,-2691932487.882324
3003925700.4401855,-2691382084.979004
3006805347.6394043,-2690828239.1694336
3009680677.2521973,-2690270963.842285
3012551743.9470215,-2689710258.6816406
3015418608.3669434,-2689146104.8535156
3018281329.867676,-2688578463.197754
3021139959.324707,-2688007276.0458984
3023994533.8620605,-2687432471.803711
3026845074.373535,-2686853970.720215
3029691585.592285,-2686271690.260254
3032534057.8571777,-2685685549.1938477
3035372469.559082,-2685095470.1816406
3038206789.6601562,-2684501381.0981445
3041036979.8356934,-2683903215.4677734
3043862996.1765137,-2683300912.362793
3046684790.4384766,-2682694416.054199
3049502310.915283,-2682083675.5595703
3052315503.040039,-2681468644.190918
3055124309.7731934,-2680849279.1708984
3057928671.857422,-2680225541.304199
3060728527.972168,-2679597394.7250977
3063523814.8310547,-2678964806.7158203
3066314467.2373047,-2678327747.5791016
3069100418.114258,-2677686190.5649414
3071881598.527588,-2677040111.836914
3074657937.690918,-2676389490.467285
3077429362.970703,-2675734308.4868164
3080195799.8776855,-2675074550.9365234
3082957172.074951,-2674410205.9682617
3085713401.3554688,-2673741264.9750977
3088464407.645508,-2673067722.7475586
3091210108.987549,-2672389577.685547
3093950421.5373535,-2671706832.0625
3096685259.581787,-2671019492.347168
3099414535.5671387,-2670327569.6186523
3102138160.2036133,-2669631080.083008
3104856042.6484375,-2668930045.705078
3107568090.8532715,-2668224494.9746094
3110274212.152832,-2667514463.7939453
3112974314.20874,-2666799996.4658203
3115668306.4624023,-2666081146.642578
3118356102.2165527,-2665357978.038086
3121037621.4333496,-2664630564.5756836
3123712794.102295,-2663898989.430176
3126381563.7509766,-2663163342.5126953
3129043890.1811523,-2662423716.051758
3131699750.2905273,-2661680198.6313477
3134349135.9379883,-2660932868.7993164
3136992048.7856445,-2660181790.0908203
3139628493.20459,-2659427009.0683594
3142258469.288574,-2658668556.961914
3144881967.7734375,-2657906454.055664
3147498967.7575684,-2657140715.2211914
3150109436.958496,-2656371355.0273438
3152713333.597168,-2655598391.551758
3155310608.98999,-2654821848.694336
3157901210.131836,-2654041757.20459
3160485081.9401855,-2653258154.8481445
3163062169.0061035,-2652471086.0253906
3165632416.892578,-2651680601.1445312
3168195773.041748,-2650886755.8881836
3170752187.403076,-2650089610.4873047
3173301612.8200684,-2649289229.064453
3175844005.2873535,-2648485679.015625
3178379324.0874023,-2647679030.496582
3180907531.845215,-2646869355.9575195
3183428594.55249,-2646056729.75
3185942481.5236816,-2645241227.774414
3188449165.3603516,-2644422927.188965
3190948621.855957,-2643601906.1450195
3193440829.909424,-2642778243.5703125
3195925771.411377,-2641952018.9785156
3198403431.11499,-2641123312.3183594
3200873796.4890137,-2640292203.866211
3203336857.567383,-2639458774.1533203
3205792606.7773438,-2638623103.946289
3208241038.76416,-2637785274.300293
3210682150.227783,-2636945366.6723633
3213115939.7646484,-2636103463.135254
3215542407.7661133,-2635259646.708008
3217961556.404541,-2634414001.8046875
3220373389.750244,-2633566614.8339844
3222777914.1452637,-2632717574.9365234
3225175138.9143066,-2631866974.810547
3227565077.58667,-2631014911.5283203
3229947749.7285156,-2630161487.1220703
3232323183.5029297,-2629306808.599121
3234691418.772949,-2628450986.866699
3237052510.3425293,-2627594134.0976562
3239406530.397217,-2626736359.2148438
3241753568.9995117,-2625877761.8447266
3244093731.6325684,-2625018425.89209
3246427133.697998,-2624158414.5683594
3248753893.135254,-2623297768.4682617
3251074123.144287,-2622436507.263672
3253387926.8620605,-2621574634.135742
3255695394.8432617,-2620712141.335449
3257996605.0407715,-2619849015.3374023
3260291624.432373,-2618985240.67041
3262580511.3205566,-2618120802.2924805
3264863317.6398926,-2617255686.694824
3267140090.89624,-2616389882.1557617
3269410875.647949,-2615523378.4873047
3271675714.523926,-2614656166.529785
3273934648.8640137,-2613788237.5776367
3276187719.0751953,-2612919582.8286133
3278434964.7939453,-2612050192.8901367
3280676424.876709,-2611180057.375
3282912137.32251,-2610309164.5927734
3285142139.1101074,-2609437501.305176
3287366466.008789,-2608565052.5664062
3289585152.3547363,-2607691801.628418
3291798230.818115,-2606817729.899414
3294005732.164795,-2605942816.951172
3296207685.006836,-2605067040.5756836
3298404115.5546875,-2604190376.8867188
3300595047.373535,-2603312800.461914
3302780501.137451,-2602434284.538086
3304960494.387451,-2601554801.2441406
3307135041.293457,-2600674321.8969727
3309304152.4418945,-2599792817.366699
3311467834.6210938,-2598910258.5151367
3313626090.668701,-2598026616.727539
3315778919.3669434,-2597141864.5668945
3317926315.4521484,-2596255976.5444336
3320068269.7873535,-2595368930.04541
3322204769.7924805,-2594480706.370117
3324335800.239502,-2593591291.887207
3326461344.5825195,-2592700679.1450195
3328581386.9194336,-2591808867.762207
3330695914.680176,-2590915864.7075195
3332804921.8969727,-2590021683.504883
3334908412.5927734,-2589126341.8398438
3337006403.3898926,-2588229857.2807617
3339098924.1516113,-2587332241.46875
3341186015.6865234,-2586433493.9536133
3343267724.430908,-2585533597.4711914
3345344095.279297,-2584632516.315918
3347415164.5742188,-2583730198.2626953
3349480955.088135,-2582826579.239258
3351541473.797119,-2581921589.04834
3353596712.1850586,-2581015156.661133
3355646648.161133,-2580107214.1757812
3357691248.6584473,-2579197699.275879
3359730472.224365,-2578286556.4331055
3361764271.2626953,-2577373737.236328
3363792593.805664,-2576459200.1967773
3365815384.822754,-2575542910.296875
3367832587.1796875,-2574624838.4492188
3369844142.2888184,-2573704960.958008
3371849990.5651855,-2572783259.0283203
3373850071.741455,-2571859718.348633
3375844325.0703125,-2570934328.73291
3377832689.4665527,-2570007083.838379
3379815103.6083984,-2569077980.9311523
3381791506.005615,-2568147020.701172
3383761835.036133,-2567214207.1240234
3385726028.9873047,-2566279547.354004
3387684026.0637207,-2565343051.6464844
3389635764.403076,-2564404733.3183594
3391581182.0666504,-2563464608.7280273
3393520217.032959,-2562522697.2993164
3395452807.1782227,-2561579021.576172
3397378890.2487793,-2560633607.3256836
3399298403.846924,-2559686483.698242
3401211285.4020996,-2558737683.4492188
3403117472.196289,-2557787243.2626953
3405016901.413574,-2556835204.163086
3406909510.3015137,-2555881612.0595703
3408795236.4799805,-2554926518.4248047
3410674018.486084,-2553969981.0966797
3412545796.692627,-2553012065.1694336
3414410514.7231445,-2552052843.857422
3416268121.5063477,-2551092399.1064453
3418118574.0324707,-2550130821.61084
3419961840.673828,-2549168209.725586
3421797904.6105957,-2548204666.779785
3423626766.416748,-2547240296.515625
3425448444.680664,-2546275196.991211
3427262973.645996,-2545309454.159668
3429070397.824707,-2544343136.9404297
3430870764.7817383,-2543376295.364746
3432664118.0996094,-2542408962.317871
3434450492.319824,-2541441157.977051
3436229910.6950684,-2540472895.3007812
3438002385.4353027,-2539504185.054199
3439767919.5339355,-2538535039.5234375
3441526509.2609863,-2537565474.713867
3443278146.625,-2536595511.323242
3445022821.4746094,-2535625174.8408203
3446760523.107666,-2534654495.1499023
3448491241.4294434,-2533683505.868164
3450214967.721924,-2532712243.626465
3451931695.131836,-2531740747.3408203
3453641418.930664,-2530769057.563965
3455344136.628418,-2529797215.904785
3457039847.9804688,-2528825264.5268555
3458728554.918457,-2527853245.724121
3460410261.4243164,-2526881201.5649414
3462084973.3845215,-2525909173.5961914
3463752698.3947754,-2524937202.604004
3465413445.5566406,-2523965328.4086914
3467067225.261963,-2522993589.7246094
3468714048.9450684,-2522022024.048828
3470353928.8432617,-2521050667.599121
3471986877.7263184,-2520079555.2998047
3473612908.631592,-2519108720.8125
3475232034.58374,-2518138196.63916
3476844268.3149414,-2517168014.2788086
3478449622.0009766,-2516198204.489258
3480048107.0148926,-2515228797.633789
3481639733.7404785,-2514259824.1464844
3483224511.4816895,-2513291315.151367
3484802448.524658,-2512323303.213379
3486373552.45459,-2511355823.248047
3487937830.840088,-2510388913.5039062
3489495292.432129,-2509422616.560547
3491045948.9978027,-2508456980.0664062
3492589817.88916,-2507492056.8813477
3494126925.1445312,-2506527904.147461
3495657308.7211914,-2505564580.737793
3497181020.883789,-2504602142.852539
3498698128.5966797,-2503640638.109375
3500208710.956299,-2502680099.333496
3501712853.619629,-2501720539.883301
3503210641.435791,-2500761952.085449
3504702151.293701,-2499804309.2524414
3506187447.012207,-2498847570.401367
3507666577.031006,-2497891685.98584
3509139574.60376,-2496936603.1811523
3510606459.5820312,-2495982269.8085938
3512067240.8710938,-2495028636.803711
3513521918.845459,-2494075659.4277344
3514970487.433838,-2493123297.6240234
3516412935.7263184,-2492171515.8896484
3517849249.135498,-2491220282.883301
3519279410.2089844,-2490269570.9692383
3520703399.154785,-2489319355.7631836
3522121194.1689453,-2488369615.736328
3523532771.6396484,-2487420331.902832
3524938106.241455,-2486471487.5654297
3526337170.989258,-2485523068.145508
3527729937.246338,-2484575061.0615234
3529116374.7163086,-2483627455.661621
3530496451.4089355,-2482680243.2089844
3531870133.6171875,-2481733416.8911133
3533237385.8791504,-2480786971.8671875
3534598170.938965,-2479840905.3530273
3535952449.7026367,-2478895216.7319336
3537300181.20459,-2477949907.697754
3538641322.5585938,-2477004982.439453
3539975828.9211426,-2476060447.867676
3541303653.4648438,-2475116313.9023438
3542624747.350342,-2474172593.8183594
3543939059.7578125,-2473229304.6884766
3545246537.95166,-2472286467.923828
3546547127.461914,-2471344109.9384766
3547840772.423584,-2470402262.9418945
3549127416.159424,-2469460965.866211
3550407002.147705,-2468520265.3549805
3551679475.500244,-2467580216.741699
3552944785.072998,-2466640884.748047
3554202886.3085938,-2465702343.5737305
3555453744.6169434,-2464764675.8710938
3556697338.8466797,-2463827970.095703
3557933663.909912,-2462892315.970215
3559162731.3779297,-2461957798.4541016
3560384567.104492,-2461024491.4121094
3561599205.835205,-2460092452.841797
3562806684.0456543,-2459161723.211914
3564007033.022705,-2458232327.3710938
3565200273.9887695,-2457304279.1137695
3566386416.0234375,-2456377586.734375
3567565456.4682617,-2455452258.095703
3568737382.8913574,-2454528304.3256836
3569902175.688965,-2453605742.040039
3571059810.64917,-2452684594.3271484
3572210261.1411133,-2451764890.8476562
3573353499.828369,-2450846667.476074
3574489499.9223633,-2449929965.6572266
3575618236.0700684,-2449014831.7036133
3576739684.935791,-2448101316.0893555
3577853825.5878906,-2447189472.811035
3578960639.7297363,-2446279358.810547
3580060111.8286133,-2445371033.472168
3581152229.1660156,-2444464558.188965
3582236981.845215,-2443559995.994629
3583314362.7614746,-2442657411.241211
3584384367.536865,-2441756869.3242188
3585446994.449707,-2440858436.4467773
3586502244.3322754,-2439962179.4228516
3587550120.459961,-2439068165.517578
3588590628.4213867,-2438176462.3154297
3589623775.9833984,-2437287137.6396484
3590649572.9328613,-2436400259.5029297
3591668030.916504,-2435515896.114258
3592679163.2702637,-2434634115.9575195
3593682984.8618164,-2433754987.932617
3594679511.9519043,-2432878581.5961914
3595668762.10083,-2432004967.5180664
3596650754.172119,-2431134217.7626953
3597625508.4853516,-2430266406.519043
3598593047.216797,-2429401610.8583984
3599553395.1657715,-2428539911.586426
3600506581.0236816,-2427681394.060547
3601452639.2890625,-2426826148.767578
3602391612.8867188,-2425974271.2719727
3603323556.320801,-2425125861.0668945
3604248538.9104004,-2424281018.7929688
3605166647.1401367,-2423439841.6069336
3606077984.971924,-2422602417.044922
3606982671.1655273,-2421768816.6591797
3607880833.5842285,-2420939091.2338867
3608772601.7719727,-2420113269.140625
3609658099.786133,-2419291358.2944336
3610537441.0996094,-2418473350.73291
3611410726.2995605,-2417659228.1987305
3612278043.265381,-2416848967.1918945
3613139468.8808594,-2416042542.708496
3613995071.378418,-2415239930.4804688
3614844912.633301,-2414441107.9956055
3615689050.090576,-2413646054.7070312
3616527538.215332,-2412854751.727051
3617360429.488037,-2412067181.309082
3618187775.0354004,-2411283326.265625
3619009624.9746094,-2410503169.4033203
3619826028.5595703,-2409726693.0273438
3620637034.184326,-2408953878.5405273
3621442689.28833,-2408184706.1103516
3622243040.197998,-2407419154.4399414
3623038131.936035,-2406657200.5874023
3623828007.996338,-2405898819.8691406
3624612710.106201,-2405143985.813965
3625392277.9816895,-2404392670.1572266
3626166749.0751953,-2403644842.8999023
3626936158.3251953,-2402900472.397949
3627700537.8952637,-2402159525.503418
3628459916.931885,-2401421967.754883
3629214321.30249,-2400687763.6098633
3629963773.3549805,-2399956876.741699
3630708291.6904297,-2399229270.4057617
3631447890.946289,-2398504907.8847656
3632182581.6289062,-2397783753.0288086
3632912370.006592,-2397065770.9179688
3633637258.116699,-2396350928.645508
3634357243.9404297,-2395639196.2612305
3635072321.843506,-2394930547.8344727
3635782483.4038086,-2394224962.597168
3636487718.7663574,-2393522426.0791016
3637188018.6484375,-2392822930.961426
3637883377.0769043,-2392126477.3066406
3638573794.67749,-2391433071.6694336
3639259282.031494,-2390742724.5786133
3639939862.1689453,-2390055446.1289062
3640615571.003418,-2389371240.1088867
3641286454.7851562,-2388690097.8867188
3641952564.583008,-2388011993.909668
3642613949.0441895,-2387336884.3554688
3643270647.4816895,-2386664709.3374023
3643922685.0544434,-2385995397.732422
3644570070.765625,-2385328872.948242
3645212797.922119,-2384665058.1347656
3645850846.1428223,-2384003880.0634766
3646484183.975586,-2383345271.4799805
3647112771.484131,-2382689172.258789
3647736562.4558105,-2382035529.6875
3648355506.1398926,-2381384298.2680664
3648969548.550049,-2380735439.269043
3649578633.38916,-2380088920.208496
3650182702.7009277,-2379444714.317383
3650781697.334717,-2378802800.090332
3651375557.2390137,-2378163160.875
3651964221.699707,-2377525784.5444336
3652547629.474365,-2376890663.2285156
3653125718.914795,-2376257793.101074
3653698428.0407715,-2375627174.2124023
3654265694.6032715,-2374998810.3652344
3654827456.1328125,-2374372709.0219727
3655383649.9692383,-2373748881.2504883
3655934213.2946777,-2373127341.673828
3656479083.1418457,-2372508108.5024414
3657018196.406494,-2371891203.529297
3657551489.849365,-2371276652.227051
3658078900.08667,-2370664483.8481445
3658600363.5932617,-2370054731.601074
3659115816.710449,-2369447432.8862305
3659625195.680176,-2368842629.6347656
3660128436.730713,-2368240368.734375
3660625476.272217,-2367640702.586426
3661116251.234375,-2367043689.8007812
3661600699.66626,-2366449396.0166016
3662078761.711914,-2365857894.791504
3662550381.0874023,-2365269268.4570312
3663015507.225342,-2364683608.710449
3663474098.0944824,-2364101016.5620117
3663926123.590576,-2363521601.1376953
3664371568.9433594,-2362945476.862793
3664810437.246826,-2362372758.7495117
3665242749.883301,-2361803556.225586
3665668543.9592285,-2361237966.758789
3666087866.7458496,-2360676071.0976562
3666500768.4365234,-2360117931.710449
3666907295.222412,-2359563594.7543945
3667307484.4833984,-2359013094.659668
3667701362.776123,-2358466459.6171875
3668088946.265381,-2357923716.5200195
3668470242.668457,-2357384894.541504
3668845253.79541,-2356850027.2182617
3669213978.026123,-2356319153.3310547
3669576412.3999023,-2355792316.930664
3669932554.2331543,-2355269566.895996
3670282402.267578,-2354750956.251953
3670625957.4501953,-2354236541.413574
