0.0000
0.0088
0.0403
0.0551
0.2056
0.4721
0.5084
0.5089
0.5318
0.5329
0.5450
0.5603
0.5757
0.6559
0.7429
0.7700
0.7820
0.8183
0.8236
0.8237
0.8366
0.8609
1.0474
1.1314
1.1731
1.2704
1.3064
1.3082
1.3090
1.3161
1.3218
1.3612
1.4861
1.5518
1.6359
1.6543
1.6966
1.6984
1.6997
1.7184
1.7255
1.7810
1.8296
1.8366
1.8571
1.9467
1.9517
1.9520
1.9550
1.9719
1.9766
1.9776
2.2301
2.3006
2.3655
2.4057
2.4140
2.4146
2.4182
2.4204
2.6159
2.6167
2.6632
2.6824
2.7433
2.7546
2.7546
2.7570
2.7839
2.8476
2.9782
3.1883
3.2238
3.2885
3.2976
3.3001
3.3013
3.3093
3.4995
3.6313
3.7483
3.8460
3.9072
3.9112
3.9284
3.9288
3.9330
3.9528
4.1265
4.2417
4.2918
4.3450
4.3571
4.3715
4.3725
4.3745
4.4011