0.0343
0.2068
0.2101
0.2399
0.2865
0.4969
0.5162
0.7287
0.7730
0.8061
1.6516
1.7588
1.7667
1.7948
1.8305
1.8654
2.0044
2.0264
2.0335
2.0365
2.0550
2.0674
2.1062
2.2772
2.3430
2.4383
2.4483
2.5389
2.9191
2.9887
3.1647
3.2866
3.3048
3.3305
3.5566
3.6448
3.6635
3.8622
3.9862
4.0900
4.4905
4.5651
4.6472
4.6921
4.8931
5.1370
5.2294
5.3132
5.3520
5.3689
5.5634
5.6222
5.7351
5.7745
6.0295
6.2382
6.2843
6.4273
6.4338
6.6697
7.6614
7.8059
7.9089
8.0225
8.0464
8.0767
8.1312
8.3533
8.5574
8.5993
8.6471
8.7791
8.8642
8.9343
8.9368
8.9398
9.0725
9.1667
9.3144
9.3861
9.3878
9.4135
9.5507
9.7884
10.0642
10.0772
10.1014
10.1525
10.1798
10.2325
10.3901
10.4004
10.5520
10.5999
10.6507
10.7797
10.8208