0.1729
0.3751
0.4208
0.6406
0.6590
0.6810
0.6945
0.7132
0.7357
0.7852
0.7911
0.8050
0.8441
0.8951
0.9293
0.9375
1.0469
1.0679
1.1343
1.1906
1.2760
1.4039
1.4782
1.4793
1.4859
1.5104
1.5196
1.5549
1.5965
1.6153
1.6210
1.6660
1.6674
1.6722
1.6973
1.7050
1.7544
1.7632
1.7936
1.8250
1.8410
1.9394
2.0048
2.0248
2.0268
2.0347
2.0993
2.1035
2.1185
2.1256
2.1257
2.1388
2.1501
2.1637
2.2093
2.2134
2.2302
2.2449
2.2449
2.2563
2.2949
2.3000
2.3116
2.3285
2.3347
2.3613
2.3747
2.3885
2.3942
2.4181
2.4467
2.4486
2.4559
2.4568
2.4595
2.4616
2.4711
2.4765
2.5334
2.5554
2.5723
2.5741
2.5860
2.5948
2.5987
2.7077
2.7248
2.7258
2.7395
2.7559
2.7571
2.7571
2.7615
2.7668
2.7807
2.7848
2.8126